1	4	8	12	16	20	24	28	32	36	40	42	44	46	48	50	52	54	56
2	5	9	13	17	21	25	29	33	37	41	43	45	47	49	51	53	55	57

2	5	9	13	17	21	25	29	33	37	41	43	45	47	49	51	53	55	57
3	6	10	14	18	22	26	30	34	38	58	60	62	64	66	68	70	72	74
6

3	7	11	15	19	23	27	31	35	39
9	13	17	21	25	29	33	37	41	43
13	17	21	25	29	33	37	41	43	45
33	37	41	43	45	47	49	51	53	55
37	41	43	45	47	49	51	53	55	57

6	10	14	18	22	26	30	34	38
7	11	15	19	23	27	31	35	39
10	14	18	22	26	30	34	38	58

58	60	62	64	66	68	70	72	74
59	61	63	65	67	69	71	73	75
60	62	64	66	68	70	72	74	76
